+ 2016.12.11

- 중복단어중 스펠링이 있는 단어중에 스펠링이 없어서 삭제해야할 단어 목록
select seq from dic
where word in (
	select word 
	from (
		SELECT WORD
			, sum(case when spelling != '' then 1 else 0 end) sp1
			, sum(case when spelling = '' then 1 else 0 end) sp2
		FROM DIC
		WHERE WORD IN ( SELECT WORD FROM DIC GROUP BY WORD HAVING COUNT(*) >1 )
		AND KIND = 'F'
		group by word)
	where sp1 > 0
)
and spelling = ''

delete from dic where seq in (308141,836433,126614,126894,127300,129331,836715,836798,132156,132786,133339,133553,133764,837006,134730,134731,134732,837044,134906,135072,137047,837298,137214,137772,837421,137800,137816,139770,139771,142553,993780,145254,145458,146302,837799,1267314,837834,147692,148010,148720,149956,149958,149962,1267340,151653,152611,152614,152736,152813,838249,154171,154863,154864,154865,154931,154941,155215,155216,155217,155756,155936,157966,158430,1201038,1201039,1197786,161579,161876,161166,162359,162705,162802,164626,838882,164545,165556,165557,166193,166601,166726,167682,167684,167691,839252,839253,168214,168258,168710,839339,169614,170858,839569,839577,173676,173678,839681,173881,175880,176314,176316,177475,178262,1267536,181398,841032,182471,182510,182527,183498,841130,841170,183703,183704,184551,185417,185426,185429,841348,186771,186784,186785,187240,841560,187795,187796,841670,190281,1267649,190966,841876,191597,192109,841895,192834,193317,193496,193558,193626,193627,842070,195155,195582,195583,195584,195585,195586,195587,195588,842259,842314,842318,842320,197482,197841,197842,197843,197844,197845,995232,197907,199768,200098,842730,200726,200779,200960,201671,201672,202419,202806,202852,202905,298705,203037,843137,203042,203674,203961,204046,204204,206956,207154,207272,207273,207274,207349,207486,843600,207628,207703,843787,843788,995630,208055,843865,208522,843899,208667,208871,208910,209365,209366,209240,209241,209522,209523,209524,210046,210052,210103,210113,210227,210314,210537,210743,210744,210745,844240,212195,212197,212210,212333,212633,212839,212840,213984,214063,214255,1267924,215487,215491,214372,214419,214474,215017,215187,234918,215345,215523,844587,1267980,216088,216147,216646,216889,844761,217079,217608,217858,218538,218575,167693,167694,218714,844855,218788,218793,218794,219131,219383,219440,220077,220771,220878,220880,221109,221347,221348,221961,235497,222175,222127,222111,349453,222316,222379,235939,1151129,222609,1268091,222647,223050,223051,845387,223056,223141,223438,300663,209238,223582,223583,223585,845492,223644,237044,223798,237136,845673,223830,845775,845778,224212,224540,224541,845975,996621,224791,224864,224865,846055,224917,224960,225334,846085,225393,996672,225395,225406,225474,846113,846170,226128,226139,227039,227149,227360,227527,227591,227666,846343,227736,227737,376187,227799,227841,227842,996712,227277,228246,846469,229329,229331,1268203,229377,229481,229543,229840,229841,239485,240053,240054,846690,240062,1153506,230609,846779,846780,230881,231492,231493,231583,231584,996745,846933,231653,231842,231843,231840,231909,231977,997122,232236,240243,240244,997161,997181,232653,846966,300965,232974,233077,847068,847069,847070,847071,240488,233177,847187,847188,233196,233201,847192,233509,233533,847221,240886,240887,240888,240909,240919,241006,997346,241775,241819,241821,847322,997443,243492,243557,243565,997469,243764,243851,241481,243946,244440,301297,301329,301479,245063,245106,847415,1268403,245495,847461,1268410,245615,245975,246014,246015,247106,247329,247330,301593,847554,847589,847591,1268669,248117,847877,301869,248819,249015,249093,249102,249118,1268691,249215,249433,249434,249655,848406,302349,302350,250650,250651,250688,250689,250690,250875,251664,251726,251940,252017,252019,252097,252146,252148,252152,252153,302469,252231,252232,252346,252531,252549,253868,252816,253522,253523,253524,254202,254203,254274,848545,254358,253448,255075,1268756,255326,256925,256948,256982,256983,256984,257184,257341,848700,302785,998045,257797,257799,257909,258066,258070,258892,848799,259061,259062,259063,259069,259247,1251077,259262,259263,259417,259502,304312,260134,849175,849176,849177,349731,349732,304547,304611,260428,260642,305007,305000,305118,849408,305303,305460,849458,305537,305585,849475,1268937,306886,306058,849602,306937,307036,350767,307163,849693,849707,307224,350286,350288,849849,350200,350201,307251,350388,307529,850267,307592,1269042,307867,307915,308013,308144,308220,308261,998151,308414,308439,308440,308492,308493,308618,308622,308716,261388,261389,261126,261081,309440,261181,261184,261201,850552,261694,261738,261817,261818,261819,262156,262351,262352,262355,850858,850860,850861,850863,850864,850865,850866,850872,850940,262848,263026,309818,850970,1269118,851203,264582,264597,1269163,1269164,1269166,265580,266640,851565,1269226,1269227,1269235,267263,267264,851600,267412,267653,269532,269687,270426,270738,852226,852227,852235,271932,272763,852292,852294,272987,1269777,273818,273887,273898,274017,274304,274297,274312,274401,852500,274647,852563,275013,1191047,275299,276644,852703,276915,277321,277322,852748,852762,277350,852846,277866,278275,998722,853400,853645,278780,278832,853744,278893,1269887,310453,310454,1269902,854012,854044,281742,282368,282438,282439,282648,854158,282672,282693,282744,282818,283602,283732,284627,284912,285280,285281,285308,854277,1270021,854307,285577,285889,286611,854393,286904,286905,999103,287075,287465,351555,288333,289206,854508,854524,289539,290244,290491,854770,291185,291355,291379,291413,291416,291417,291420,854949,291500,292443,855016,292840,293000,293132,293133,293152,293153,855685,855688,293826,1270116,294051,855797,294287,294856,294874,295687,295911,856000,312490,313021,313073,856052,314291,315411,352927,378449,1270177,320106,317169,317634,856497,317920,355211,318033,318043,318318,856849,318597,355618,857273,320863,321210,321456,321558,322614,857475,323126,323795,324986,857737,325111,326321,326416,326679,327439,327574,327801,328085,858701,328531,328538,329395,1000014,1000015,329752,329753,329865,330434,330550,331117,331122,331123,331234,331235,331762,331764,331834,332584,333765,334282,334419,335549,336007,336008,338630,338680,339277,339324,121372,339498,339843,339873,339940,340033,340323,340324,340475,340529,340687,340688,340739,340740,340742,340979,340985,341414,341415,860388,341418,341911,342187,860971,342546,342820,342851,342854,343017,343085,343641,346034,346035,861393,346211,861417,346365,346500,346597,346659,346828,346850,347311,347466,347468,861800,861804,347914,1251925,348367,348429,348787,1270521,348900,348999,356390,356391,356367,356386,862791,862836,390097,1189506,356523,1270558,357928,357953,863362,863391,358397,863448,358619,358620,358622,358624,358489,358499,863468,863469,863491,863560,1280738,1280739,1280740,1280741,358960,359414,359503,359506,359507,359543,863694,1270649,379292,379615,379616,863888,360049,360316,360311,360407,360410,864037,864039,864052,361043,361052,361705,381507,361825,362708,391216,865137,865141,392014,392146,865182,865183,865184,392364,382096,865375,382157,382251,865422,363311,382417,393128,382561,382738,382760,383077,363341,363347,364353,394500,394555,394611,364794,364795,365557,866317,365871,866354,366039,396970,396971,367290,367292,866610,367747,367779,367853,367965,368097,866734,368106,866783,866785,866787,368116,368421,368422,368722,369128,369162,370514,369730,867245,370845,372752,1001415,372783,373785,373925,868457,375310,868509,868510,1270976,1270979,1270980,375349,375350,386381,386382,375764,376060,868875,868876,868944,385355,868969,869004,386112,869074,386139,388576,388577,388518,388607,869492,869541,388768,389069,401111,401113,397101,424259,869614,869620,1271050,397173,301322,301324,301325,405225,401183,869735,401298,424312,397420,869759,401563,401747,401800,401829,401945,405320,405582,402406,402407,402687,402712,406266,401984,397619,397646,397780,397944,397945,870586,870639,398429,398430,870767,870780,399174,1001460,298268,407557,400270,400444,871202,408001,400592,408382,408476,408477,466869,408639,408640,408641,409343,409344,409349,409420,410141,412298,412309,412320,412745,412856,415714,416843,416962,417256,417257,417258,417262,417492,417576,425793,1271395,873079,419877,419878,419473,419475,419641,420029,426030,426817,423073,467576,874015,874055,874104,874178,950709,427013,428467,428508,428509,428510,874404,874779,429620,429743,430287,430833,430834,430836,875144,431233,468913,468914,875403,431984,432245,432799,433376,433645,435094,436720,437501,438048,470692,438673,438676,439350,472289,439457,439458,439477,876658,876676,876677,876680,439966,833162,441291,441314,441501,877153,441895,442577,441929,441935,442473,442683,442685,442737,442739,443613,443614,1271637,472829,444318,444487,444879,445641,877697,473058,877736,446100,446242,877800,473257,447704,447705,447849,878073,448127,878080,448210,448137,448416,448417,448581,878864,448627,448722,449068,449229,449476,878975,449842,473513,451692,450120,450705,450710,451073,879339,452040,726882,452125,452127,452131,452567,452635,879696,452924,879706,453103,453107,453113,453127,453128,865148,453230,453245,473810,879793,453874,453875,1002427,879854,454246,454280,879984,454436,880057,880135,454832,880192,880218,454899,454900,455004,455015,455067,455578,455579,455624,1257981,880305,456250,456888,456924,456925,454735,474205,457358,457361,457552,457839,458186,458203,880756,880751,880761,458430,880810,880828,474666,459162,459473,881011,1271963,528438,530128,530129,530244,881213,530351,459813,459821,459818,459940,460055,460649,460650,881489,460936,461060,461061,461290,461591,461599,461698,462220,462250,477211,462553,462672,462673,463388,463390,463594,463600,882006,463761,463852,477214,477215,477768,463895,463995,463991,463993,882854,478527,883199,478849,883495,478880,478909,883567,883568,479681,883643,479709,465967,465997,466023,466088,466089,479922,480070,480071,530625,1045291,481008,884044,481101,884099,481109,481176,884182,481300,481824,483188,483317,483318,483319,484231,484995,485023,485455,485790,485928,486183,886193,886200,486204,486327,486387,486561,487808,487809,489052,489165,489186,886908,489569,489867,887024,887053,491004,530779,887136,490179,530987,490543,887194,490872,491094,491724,1005353,1005354,483179,1005377,491738,491872,491967,492016,1272735,492058,492064,492066,492464,493263,493725,493729,493746,494027,494043,887550,494529,494809,495412,495787,887761,495817,887800,495877,887833,887834,496179,496180,496549,496614,887891,497647,497649,497790,497791,497805,497806,497807,888066,498096,498147,498150,498152,498288,498336,498434,498892,500039,888417,500135,888463,888464,888481,500761,501350,501440,501746,501961,502000,502251,888624,502574,502707,888889,502942,1272811,503237,503366,889011,503452,1272817,504312,889166,504378,504379,505009,505112,505114,505244,889249,889250,889268,505656,505657,505791,505944,1006198,505911,505873,889490,889491,506295,506505,506774,506836,1272870,506929,890020,507068,507117,507167,507179,507247,507299,507553,508299,890322,508685,508704,509413,509414,509674,509835,510440,510719,510721,511360,511425,511427,890537,890538,890539,890540,513012,890672,513138,513310,513823,513947,514219,514282,400076,514790,891083,891195,515303,515433,515455,1262053,515580,515615,891475,515804,515907,515917,891539,517682,518265,518266,518447,518589,518723,518724,518842,518843,518845,519316,519637,519638,520166,520176,520177,891810,698984,513732,520904,521019,521036,521544,521760,521904,522025,522840,522841,522963,522965,523096,523223,892266,523324,523571,523715,523716,892334,524098,524099,524100,524101,524209,524210,525059,525061,892674,526159,526160,892686,527088,527089,892737,527652,892892,533148,893212,533702,533817,534050,534051,534205,534222,534283,893667,1258681,1273200,535052,535054,535056,535060,535608,895041,894972,894973,535749,535765,546353,535885,536356,538040,895832,895833,895835,895836,539981,540766,548983,548984,548986,896192,541632,896495,547118,543553,547169,547170,547171,547276,550990,897842,552530,552531,552533,727514,552645,553454,553462,898226,554144,555245,556580,898556,898768,557635,899076,1273665,558438,558456,558457,729948,559438,559440,559441,559593,559766,559796,560805,561513,1007033,562668,562670,562682,562688,562689,731233,564456,163621,731282,564466,564547,564548,564620,564621,564823,902516,731546,565018,565037,565109,565255,1273958,903352,903403,565458,566039,566078,566119,566120,1274006,566313,1274203,904719,904739,567124,904758,567245,567246,567281,904858,904867,905171,568664,905284,905285,569711,569713,905489,569948,570916,905869,571145,571221,571231,571633,571884,571885,1274304,1274305,572453,572454,572566,572809,572867,573259,573260,573624,573809,906315,574284,610056,574355,574356,575500,907012,576665,576694,576835,577188,732229,732230,577830,1274368,1274369,580464,580571,580573,907324,907367,580842,581279,581313,907722,582577,582630,582645,907839,582786,582787,584248,584282,585139,907877,585867,587552,587685,587768,587898,588093,588405,588406,588599,588857,588981,589818,908438,590479,590553,591124,908662,390723,908755,908756,591402,908939,732603,594409,1274500,594433,594558,594565,1274511,577171,596026,597680,909409,909410,909411,597899,598799,598801,600167,600523,600524,600702,601196,601226,601227,601341,601635,601646,602146,909903,909911,909920,910014,910044,910045,603515,802053,603522,603853,603854,604661,604902,1007499,605484,605504,605602,606123,606236,606286,606952,910326,607038,607040,607946,910588,910693,608741,609066,733071,609118,609370,911078,911079,609500,609709,609710,609711,610314,610432,610475,610547,610548,610843,610942,611115,611223,611373,611492,623539,623540,623541,623542,623544,911983,911996,611614,611627,612933,912037,613040,613042,1275292,1122842,912150,614669,912328,614776,615260,615378,615379,615401,613120,615956,913232,913233,616107,616109,616217,616218,913316,618541,913492,913493,618588,913573,618991,913656,620105,620106,620107,620110,620680,620683,620818,1124184,1124186,701079,621036,913731,914017,621383,621418,914025,623066,623067,621721,621722,914076,914112,914114,623376,623378,623482,624494,625024,914468,625228,914548,627242,914611,733511,914677,914705,914706,914708,914710,590465,914773,914774,628301,628865,629751,630061,1275407,630363,630365,630488,630678,630768,631118,1008029,1008088,631534,631565,631566,633043,633052,633107,1275446,633785,1275452,635250,1281533,1123871,636495,915898,636705,636944,638845,638936,639224,916219,733573,640084,640086,916299,1008132,1008133,640492,916567,916568,640560,640712,916715,733996,733997,1275557,1275561,642882,643257,643539,643891,644625,644626,917265,917280,645031,647076,647077,647304,647313,647465,917520,647683,648410,648411,648588,648590,648619,648783,649149,649312,649760,649761,918003,650291,918115,918116,918117,650623,651871,652528,636480,653341,653359,653656,654223,654599,918598,918599,654795,654841,918688,654999,655000,655026,655027,655085,655086,656051,919056,656478,657766,919397,658353,658358,658359,658391,658446,658466,640523,640524,640526,659070,659117,659848,659851,920012,920014,659909,1275743,660290,660303,660560,660689,661207,920203,662141,662496,920356,662556,663115,663242,663560,663561,663620,549015,920921,664443,921052,921082,665949,665950,665982,666180,666192,666420,666421,666464,666465,921325,921326,666496,666497,734178,734179,734183,734184,666672,666781,666890,667271,667277,1275986,667543,667886,922090,668471,922189,922190,668720,922294,670386,670387,670388,735178,735179,670385,670424,670537,670541,670732,670733,670807,671148,922645,671475,1276022,672205,672506,672576,672676,672758,922939,922988,672887,674386,674388,675242,675368,923475,675502,675549,675634,675635,1209426,676858,676859,676860,423357,676756,1276104,677009,677018,736760,677295,677732,924555,924556,924559,924792,677940,677941,924871,738483,738507,678278,678444,1010930,678784,678889,739025,679114,677924,677925,677927,677928,677929,677926,679406,926059,679525,679793,739720,679994,680102,680336,927095,680348,927714,680846,680714,1208968,681275,681371,681372,681373,681485,681725,681726,681729,740344,681927,291533,291535,291536,681942,928174,740375,682002,682256,682290,683088,682868,1276304,682885,928430,682914,1276313,1276314,683116,683308,683309,683145,928494,683153,683211,928584,683340,928624,683393,929010,740768,683745,683758,929002,684078,929038,685424,685548,685587,741066,929166,686310,929223,741366,686315,686594,686672,686691,686693,929248,686828,929260,686897,686980,929275,929278,929310,687261,929359,687508,687972,688069,929483,929486,688135,929517,1011669,1011674,1011676,1011677,1011680,929589,688578,688655,688699,929662,688762,741849,689023,689071,689166,689167,689519,689410,689787,689844,930259,1038530,689942,689964,1276550,1276551,690009,690183,691268,691269,930954,1255826,691932,692128,1276584,742826,1276587,931188,931190,931191,931194,931378,931513,931627,931628,692360,692550,693180,1255240,1255243,1255245,693244,693384,693427,693686,693837,693838,693839,742946,693932,693986,694175,694062,1276691,694205,694242,1012076,694702,695016,695018,695241,743023,743024,1276699,695519,695520,695521,695538,695540,743072,743073,932742,696351,696352,696528,932827,697018,697187,697505,697506,697507,933537,933574,1276732,933639,697705,697714,697715,697716,934360,934423,698432,934480,934481,698630,698658,698751,698813,698923,698927,1276762,698970,698989,698990,1256513,699233,699234,699276,934941,1281811,699867,699869,699870,699868,700622,700669,700954,701059,935293,701319,743767,743800,701357,701361,701362,701363,701569,701603,701604,701605,701606,701607,701756,701757,743829,743830,935334,701774,935372,743854,702018,935468,702307,702131,702132,702236,702330,702698,702704,702705,703455,703457,703458,936168,704236,704276,704422,936252,704993,1255295,936882,936883,1281888,937001,937024,705350,705494,937159,706017,706175,706425,1276884,706759,706855,708040,708223,708404,708427,708428,708853,708854,708904,937567,709903,710775,710781,710782,744807,713136,713242,713702,713861,714349,714350,714758,714772,715201,715548,715621,715841,938261,716724,717517,938519,938660,745288,938787,718991,718992,719009,719069,719070,719124,1277065,719569,720068,720528,720573,938931,720835,938948,938949,938950,938951,939036,721799,745368,745369,721853,1012468,745735,721951,825316,722094,1012492,745958,1012546,746351,746082,1012574,746359,746360,746558,746902,939373,939429,722210,750636,722456,661610,661614,722678,722684,747424,722715,722903,1012933,723891,724068,724069,724134,724907,724849,725032,747494,725072,1277245,725139,725144,747685,725152,725310,725415,725461,725567,748014,725572,726574,726680,726704,726745,726750,751413,1277314,751340,751341,751342,751344,751345,751346,748838,749078,749298,750007,1277323,752126,752551,752639,752664,1277326,752938,940761,754270,754274,940909,1277331,755193,755191,755388,1277341,941005,755454,755643,941164,756468,756548,941334,941350,757702,758430,758899,759241,759408,759732,803083,942062,760866,760981,942252,761155,761491,762344,762406,763446,763969,764235,764271,764273,943608,764669,764710,764711,764762,764771,764872,765240,765274,944167,765477,765808,944344,944345,765973,765930,944519,944520,944528,766429,766519,944557,918074,766914,766915,747744,767033,767205,767249,767315,767589,767623,767747,767774,768416,768584,803138,768724,769221,769222,946945,946946,946978,946979,947352,769394,769689,769670,770040,770042,948427,770077,770152,770185,770633,770657,948936,803211,948987,803320,770780,770829,949092,771016,771065,771167,771168,771662,771701,123344,803392,803393,949358,771799,771879,771890,949447,772052,772055,772355,949931,949962,949963,949978,949979,950051,772814,772825,772868,772869,772870,773028,773046,1277663,773051,950261,773056,803714,950504,950548,950549,950609,950610,950664,950669,950671,950823,950834,951781,951782,951783,951784,951772,773096,773110,773152,1277714,773321,773333,952105,952115,773345,773721,773930,773949,774012,774021,774022,803993,803994,774075,952622,1277755,774103,952673,952718,952720,774220,774240,774249,952867,774398,952914,804187,774578,774918,775167,775172,775215,775232,804205,804211,1277799,467482,775467,775468,775469,775596,775929,953641,953643,776082,776162,953757,953767,776396,776523,953871,776603,776627,776638,953935,776704,776705,776708,776710,776713,776797,776809,776864,777073,777251,777278,777386,777939,778146,955227,778450,778491,955889,779022,805927,779027,779067,805951,805952,805954,779102,779107,956440,1278035,779344,956710,779366,956734,779502,779600,806460,779732,779757,779760,779769,957066,957067,779850,779851,779852,779940,780069,807217,780216,780396,780638,780633,957393,780854,781120,781316,781635,781843,781844,781847,781882,957836,957837,781902,782230,782135,958183,782455,958345,780234,1278123,958657,958776,958894,782745,782975,783548,782991,783716,959235,959265,959278,959364,784336,959624,959625,784258,959866,784695,784696,784697,960366,960375,784708,784714,785064,785143,785148,960773,785291,960802,961121,961122,785404,961168,785416,785682,785825,786153,786223,786314,961537,786756,786355,786356,786357,786425,786471,786508,786518,961698,786729,961783,961795,786793,961846,961879,786950,786960,786958,786990,787010,962345,787045,787047,787082,787083,787084,962359,962365,962366,962367,962437,1278277,787103,787126,787127,962493,962501,962512,787228,787229,787230,787219,962616,962654,962655,962656,962828,787653,787677,787678,963758,963761,963825,787906,788045,788071,788072,788205,788165,964677,964679,964680,788287,964702,964763,964793,964794,788586,788632,964865,964866,788739,964938,773790,788866,788868,788946,965570,965571,789098,965636,789292,965687,789369,807663,807718,807932,966742,808058,808068,808138,556658,967177,789577,789750,789751,967314,967315,967453,967660,967793,968020,968021,968022,968276,968352,808313,808541,808293,808764,808782,968501,808851,789958,789959,809091,790004,790019,1278472,968999,790076,790290,809369,790419,790446,809445,809446,969311,790999,790852,790979,810770,791007,791177,791120,791138,811543,791172,811618,811619,811620,811797,791306,791380,791489,1187742,791494,791497,791498,791693,791777,791801,791835,791828,1278613,812743,969998,791870,791911,791947,970044,970056,791999,812864,792031,792036,792140,970163,792266,1272914,792289,792355,792363,792364,792390,792408,970575,792459,813583,813610,813726,792740,1278703,793042,793158,793216,793284,793466,793545,971305,815008,794062,1176393,794201,794176,815240,1278776,971898,794461,794426,972344,794574,972387,972552,794640,795062,972749,815727,794805,795104,816045,795193,972884,972887,795292,795470,795720,795721,795776,973319,973320,795999,796003,796122,796280,973373,796289,796290,796328,796329,796416,796571,816375,816376,973545,973566,973648,796836,973904,973905,817946,817947,817948,817950,796930,797130,797131,974671,797156,797201,797202,797211,818137,818138,1278886,797361,797473,797477,797491,797554,797555,818241,818290,975462,975487,818345,818346,797564,797651,797652,975555,797661,797855,797856,797703,797718,975748,797868,797879,797880,797908,975968,797938,797940,818740,798051,976052,976055,976056,976061,818880,818881,798028,798158,798171,976367,976458,1278990,976641,976710,798584,798556,819996,798887,799020,977800,979014,979347,800540,821311,821593,821614,821725,822443,823288,823500,1279684,980321,823521,823576,823841,824135,824212,824215,980666,824626,824759,824760,824761,825008,825009,980797,825269,825270,825272,980811,825582,980971,881774,881775,825802,981129,825838,825840,826157,981208,981364,981365,826339,981553,826457,826669,826670,826759,826760,981965,826767,982034,827283,827331,827332,827386,827388,827412,827939,828122,828239,828240,1029381,829565,982863,829666,983187,829976,983410,830072,830747,984118,830815,984347,984348,984349,984595,984960,1279891,831505,831506,1279905,831563,831564,985411,831954,832012,985438,832129,832254,1254609,832347,832525,985704,832958,832959,833708,985997,833747,833748,833798,986077,1279972,833896,986321,986322,986359,834386,986379,834709,834783,1279996,1279997,1279998,834915,986873,835084,835093,1280001,836209,988352,988536,989161,989304,989373,989465,989768,990371,990588,990623,991056,991081,991467,852426,852429,852430,852431,993237,1013414,1013500,1013501,1013823,1013838,1013874,1014195,1014212,1014869,1014883,1014884,1015133,1015141,1015178,1015179,1015216,1015257,1015619,1015769,1015860,1280135,1015971,1016059,1016367,1016396,612700,1280159,1016810,1016812,1148771,1016871,1016926,1017043,1017576,1280166,1017722,1280190,1018753,1018757,1018802,1018836,1018860,1280196,1018881,1018941,1019134,1019176,1019384,1019385,1019456,1019628,1019672,1019698,1019699,1020057,1020096,1020097,1020468,1021089,1021329,1021341,1021356,1021424,1021440,1021441,1021527,1280265,1021759,1021887,1022031,1022207,1022208,1022229,1022713,1022714,1022812,1023053,1023062,1023069,1023155,850324,850326,1023597,1023598,1023647,1023725,1024747,1024780,1024781,1038255,1038257,869393,869394,869395,1025101,1025227,1025724,1025999,1026080,1026092,1026318,1026334,1026373,1026374,1026751,1026772,1026809,1026842,1026843,1027068,1027268,1027402,1027403,1027460,1027567,1027595,1027654,1027716,1027731,1027757,1027772,1214913,1027859,1027871,1027872,1028359,1028370,1028544,1028788,1028838,1028920,1028921,1029042,1029182,1029324,1029677,1030037,1030208,1030218,1030391,1030772,1030806,1030822,1030834,1030935,1031310,1031346,1031551,1031655,1031656,1032096,1032401,1032411,1032539,1032925,1280396,925498,1033238,1033239,1033256,1033325,1033372,751421,751443,751463,1033754,1033755,1038054,1033835,1280459,1033848,1033849,1033953,1033954,1033963,1033964,1034227,1034621,1034696,1034837,1280467,1034888,1034918,900899,900900,900902,1035192,1035505,1035780,1035781,1035848,1036238)